version https://git-lfs.github.com/spec/v1
oid sha256:54c91256675c5037fcd68cbc4e5db6691cafa7f2a240db4a1999f9ca4c9daf77
size 570872
